1358.864445 0
0 103 161 71 65 136 35 135 9 120 81 33 0
0 58 152 117 95 97 151 92 59 94 183 156 0
0 27 162 101 70 30 160 128 66 188 20 51 122 69 132 0
0 105 40 171 74 133 22 41 145 57 178 115 2 13 0
0 168 47 36 143 49 64 181 131 32 90 63 126 189 1 0
0 182 88 11 175 107 19 123 48 82 18 166 0
0 87 172 42 142 14 192 119 44 191 141 16 100 37 0
0 195 54 130 134 163 24 29 121 169 34 164 78 176 0
0 167 31 10 108 159 62 148 190 127 0
0 52 153 106 194 7 124 46 174 45 125 8 114 199 83 89 0
0 137 144 15 43 38 140 86 113 17 84 118 60 147 0
0 26 149 197 56 186 23 75 72 73 21 180 53 0
0 28 154 138 12 109 177 150 80 68 116 184 146 0
0 5 173 61 85 91 193 98 93 104 99 96 6 112 0
0 76 196 77 3 158 129 79 185 157 102 50 111 0
0 198 110 4 155 139 187 39 67 170 25 55 165 179 0
