1903.364168 0
0 51 70 171 130 236 190 231 230 170 0
0 75 135 254 353 300 360 372 317 258 198 0
0 322 373 382 383 384 366 379 306 324 323 263 0
0 26 85 140 200 121 61 80 1 20 25 0
0 225 234 294 345 354 405 365 305 352 297 237 232 177 117 0
0 106 226 227 129 163 69 103 102 42 41 36 0
0 46 37 4 44 49 104 64 124 164 109 0
0 81 90 141 150 201 122 62 28 2 21 30 0
0 0
0 325 380 361 385 386 327 247 272 271 211 92 0
0 0
0 178 238 239 191 196 131 179 71 59 0
0 65 172 125 174 115 10 56 55 114 0
0 349 404 409 410 411 370 416 310 415 414 355 0
0 15 74 173 134 233 194 293 240 312 257 252 180 192 0
0 219 279 339 248 393 334 275 188 220 160 0
0 156 221 222 282 341 396 363 329 278 269 218 159 99 0
0 18 19 126 203 262 313 301 320 265 260 205 145 0
0 169 224 284 244 304 364 397 337 286 277 217 0
0 165 185 292 245 285 175 116 111 110 50 0
0 261 321 302 362 388 333 274 215 128 155 0
0 107 47 48 43 9 108 167 166 184 157 97 0
0 27 31 32 7 87 67 147 206 146 86 0
0 139 199 186 259 318 377 378 319 246 264 204 144 0
0 93 153 208 268 213 154 214 273 328 242 182 148 0
0 229 344 289 290 291 350 351 356 250 296 295 235 176 0
0 314 413 374 375 316 311 376 371 419 418 359 256 0
0 338 389 398 399 340 308 400 368 395 394 335 280 0
0 16 11 119 118 58 57 112 5 105 54 45 52 0
0 210 331 332 307 387 367 392 391 390 381 330 270 0
0 76 136 195 255 315 251 299 358 417 412 357 298 0
0 168 189 288 283 249 343 402 401 342 223 162 0
0 33 88 34 35 94 8 95 68 100 40 0
0 63 123 209 158 149 39 38 89 29 3 0
0 60 120 132 77 72 17 12 420 53 14 113 0
0 13 22 82 133 142 193 181 241 253 202 143 83 0
0 127 207 266 326 267 187 212 152 151 91 0
0 78 137 197 138 66 84 79 6 24 23 73 0
0 98 183 243 303 336 281 276 216 161 101 96 0
0 228 287 347 348 309 403 369 408 407 406 346 0
0 0
